4095
4095
4095
4095
4095
4095
4095
4095
4095
4095
4095
4095
4095
4095
4095
4095
4095
4095
4095
4095
4095
4095
4095
4095
4095
4095
4095
4095
4095
4095
4095
4095
4095
4095
4095
4095
4095
4095
4095
4095
4095
4095
4095
4095
4095
4095
4095
4095
4095
4095
4095
4095
4095
4095
4095
4095
4095
4095
4095
4095
4095
4095
4095
4095
4095
4095
4095
4095
4095
4095
4095
4095
4095
4095
4095
4095
4095
4095
4095
4095
4095
4095
4095
4095
4095
4095
4095
4095
4095
4095
4095
4095
4095
4095
4095
4095
4095
4095
4095
4095
4095
4095
4095
4095
4095
4095
4095
4095
4095
4095
4095
4095
4095
4095
4095
4095
4095
4095
4095
4095
4095
4095
4095
4095
4095
4095
4095
4095
4095
4095
4095
4095
4095
4095
4095
4095
4095
4095
4095
4095
4095
4095
4095
4095
4095
4095
4095
4095
4095
4095
4095
4095
4095
4095
4095
4095
4095
4095
4095
4095
4095
4095
4095
4095
4095
4095
4095
4095
4095
4095
4095
4095
4095
4095
4095
4095
4095
4095
4095
4095
4095
4095
4095
4095
4095
4095
4095
4095
4095
4095
4095
4095
4095
4095
4095
4095
4095
4095
4095
4095
4095
4095
4095
4095
4095
4095
4095
4095
4095
4095
4095
4095
4095
4095
4095
4095
4095
4095
4095
4095
4095
4095
4095
4095
4095
4095
4095
4095
4095
4095
4095
4095
4095
4095
4095
4095
4095
4095
4095
4095
4095
4095
4095
4095
4095
4095
4095
4095
4095
4095
4095
4095
4095
4095
4095
4095
4095
4095
4095
4095
4095
4095
4095
4095
4095
4095
4095
4095
4095
4095
4095
4095
4095
4095
4095
4095
4095
4095
4095
4095
0
0
0
1
1
2
3
3
4
4
5
5
6
6
7
7
8
8
9
10
11
12
13
14
15
16
17
17
18
18
19
19
19
20
20
21
22
23
24
25
26
28
29
30
31
32
32
33
33
34
35
35
36
37
38
39
40
41
42
43
44
46
46
47
48
48
49
50
50
51
52
52
53
53
55
56
57
58
59
60
61
63
64
66
67
69
70
71
72
73
74
75
76
77
78
79
80
81
82
84
85
86
87
88
89
89
90
90
91
91
91
91
92
92
93
94
94
95
96
97
97
98
99
100
100
101
102
103
103
104
105
106
107
108
109
110
111
112
113
114
115
115
116
117
118
118
118
119
120
121
121
122
123
123
124
124
125
125
126
127
127
127
128
128
129
129
129
129
129
129
129
129
129
129
129
129
129
129
129
129
129
129
128
128
127
127
126
125
124
123
122
121
119
118
116
115
113
112
110
109
107
106
105
104
103
102
100
99
98
97
96
95
94
92
91
91
89
88
88
86
85
84
83
82
80
79
77
76
74
73
71
70
68
67
65
64
62
60
59
57
56
54
53
52
50
49
48
47
46
44
43
41
40
38
37
36
35
34
33
32
30
29
28
27
26
25
24
23
22
21
20
19
18
16
15
14
13
12
11
10
9
8
7
6
4
3
2
1
0
4094
4093
4092
4091
4090
4088
4087
4086
4085
4083
4082
4081
4080
4078
4077
4076
4074
4073
4072
4070
4069
4068
4067
4066
4065
4064
4063
4062
4061
4060
4059
4059
4058
4058
4057
4057
4056
4056
4055
4055
4055
4055
4055
4055
4055
4055
4055
4055
4055
4054
4054
4053
4053
4053
4052
4052
4052
4051
4051
4051
4051
4051
4050
4050
4050
4050
4050
4050
4050
4050
4050
4050
4050
4050
4050
4050
4050
4050
4050
4050
4050
4050
4050
4050
4050
4050
4050
4050
4050
4050
4050
4050
4050
4050
4050
4050
4050
4050
4050
4050
4050
4050
4050
4050
4050
4050
4050
4050
4049
4048
4047
4046
4045
4044
4042
4041
4039
4038
4036
4034
4033
4032
4031
4030
4029
4028
4028
4027
4027
4026
4026
4025
4025
4024
4024
4023
4022
4022
4021
4020
4018
4017
4016
4014
4013
4012
4011
4010
4009
4008
4007
4007
4006
4004
4003
4002
4001
3999
3998
3997
3995
3995
3993
3992
3992
3991
3990
3989
3988
3986
3986
3984
3983
3982
3981
3980
3979
3977
3977
3975
3974
3973
3971
3970
3968
3967
3965
3964
3963
3962
3960
3959
3957
3956
3954
3953
3951
3950
3948
3947
3945
3944
3943
3941
3941
3940
3938
3938
3937
3935
3935
3933
3932
3931
3930
3929
3929
3928
3927
3926
3926
3925
3924
3923
3923
3922
3921
3920
3920
3919
3919
3918
3917
3917
3916
3916
3915
3914
3914
3913
3912
3911
3910
3909
3908
3907
3905
3904
3903
3902
3901
3900
3899
3899
3898
3897
3896
3896
3896
3896
3896
3896
3896
3896
3896
3896
3896
3896
3896
3896
